SeqParameter1	DDDD	DDDS	DDSD	DDSS	DSDD	DSDS	DSSD	DSSS	SDDD	SDDS	SDSD	SDSS	SSDD	SSDS	SSSD	SSSS
0.000000	0.045000	0.140000	0.205000	0.005000	0.230000	0.000000	0.020000	0.000000	0.280000	0.050000	0.010000	0.000000	0.010000	0.000000	0.005000	0.000000
1.000000	0.140000	0.165000	0.080000	0.075000	0.175000	0.075000	0.005000	0.025000	0.150000	0.090000	0.010000	0.010000	0.000000	0.000000	0.000000	0.000000
2.000000	0.145000	0.140000	0.155000	0.085000	0.110000	0.065000	0.015000	0.015000	0.125000	0.090000	0.030000	0.010000	0.010000	0.005000	0.000000	0.000000
3.000000	0.110000	0.100000	0.100000	0.190000	0.125000	0.005000	0.140000	0.010000	0.085000	0.000000	0.110000	0.005000	0.000000	0.005000	0.010000	0.005000
4.000000	0.205000	0.015000	0.010000	0.230000	0.070000	0.040000	0.075000	0.060000	0.075000	0.050000	0.095000	0.050000	0.005000	0.010000	0.010000	0.000000
5.000000	0.110000	0.105000	0.165000	0.075000	0.080000	0.040000	0.085000	0.070000	0.095000	0.035000	0.085000	0.045000	0.005000	0.000000	0.005000	0.000000
6.000000	0.220000	0.120000	0.130000	0.080000	0.120000	0.005000	0.075000	0.000000	0.085000	0.005000	0.110000	0.005000	0.015000	0.010000	0.010000	0.010000
7.000000	0.130000	0.180000	0.110000	0.060000	0.090000	0.050000	0.085000	0.045000	0.080000	0.080000	0.060000	0.010000	0.020000	0.000000	0.000000	0.000000
8.000000	0.260000	0.010000	0.035000	0.185000	0.095000	0.060000	0.050000	0.035000	0.080000	0.060000	0.060000	0.060000	0.000000	0.010000	0.000000	0.000000
9.000000	0.170000	0.095000	0.165000	0.000000	0.045000	0.105000	0.165000	0.005000	0.090000	0.020000	0.010000	0.000000	0.085000	0.025000	0.020000	0.000000
10.000000	0.225000	0.065000	0.060000	0.100000	0.020000	0.100000	0.065000	0.095000	0.075000	0.085000	0.000000	0.000000	0.045000	0.045000	0.010000	0.010000
11.000000	0.230000	0.090000	0.035000	0.035000	0.075000	0.150000	0.070000	0.050000	0.090000	0.030000	0.015000	0.000000	0.080000	0.040000	0.005000	0.005000
12.000000	0.220000	0.045000	0.020000	0.065000	0.045000	0.070000	0.220000	0.070000	0.105000	0.005000	0.045000	0.005000	0.045000	0.000000	0.040000	0.000000
13.000000	0.250000	0.040000	0.055000	0.025000	0.025000	0.060000	0.085000	0.165000	0.030000	0.025000	0.035000	0.020000	0.075000	0.045000	0.050000	0.015000
14.000000	0.235000	0.080000	0.045000	0.025000	0.035000	0.050000	0.100000	0.145000	0.045000	0.035000	0.040000	0.000000	0.045000	0.015000	0.065000	0.040000
15.000000	0.200000	0.040000	0.175000	0.030000	0.105000	0.080000	0.085000	0.025000	0.055000	0.000000	0.060000	0.010000	0.075000	0.005000	0.045000	0.010000
16.000000	0.125000	0.055000	0.240000	0.025000	0.015000	0.160000	0.070000	0.050000	0.035000	0.030000	0.035000	0.030000	0.045000	0.020000	0.025000	0.040000
17.000000	0.170000	0.045000	0.075000	0.145000	0.090000	0.055000	0.030000	0.115000	0.040000	0.020000	0.035000	0.020000	0.070000	0.055000	0.015000	0.020000
18.000000	0.165000	0.080000	0.125000	0.010000	0.150000	0.135000	0.100000	0.005000	0.070000	0.015000	0.010000	0.000000	0.120000	0.005000	0.010000	0.000000
19.000000	0.145000	0.105000	0.110000	0.110000	0.165000	0.065000	0.045000	0.055000	0.065000	0.030000	0.005000	0.005000	0.060000	0.020000	0.015000	0.000000
20.000000	0.260000	0.035000	0.100000	0.080000	0.040000	0.170000	0.040000	0.055000	0.070000	0.030000	0.005000	0.015000	0.040000	0.050000	0.000000	0.010000
21.000000	0.245000	0.070000	0.110000	0.055000	0.085000	0.080000	0.105000	0.035000	0.060000	0.005000	0.035000	0.005000	0.050000	0.010000	0.050000	0.000000
22.000000	0.240000	0.020000	0.040000	0.060000	0.100000	0.050000	0.045000	0.160000	0.035000	0.060000	0.020000	0.045000	0.030000	0.030000	0.025000	0.040000
23.000000	0.180000	0.065000	0.165000	0.045000	0.025000	0.145000	0.045000	0.110000	0.045000	0.020000	0.035000	0.030000	0.030000	0.020000	0.015000	0.025000
24.000000	0.250000	0.080000	0.060000	0.055000	0.030000	0.035000	0.220000	0.035000	0.045000	0.005000	0.060000	0.010000	0.065000	0.005000	0.045000	0.000000
25.000000	0.195000	0.160000	0.065000	0.020000	0.015000	0.025000	0.175000	0.105000	0.025000	0.035000	0.030000	0.025000	0.055000	0.020000	0.025000	0.025000
26.000000	0.255000	0.050000	0.070000	0.050000	0.040000	0.050000	0.040000	0.205000	0.035000	0.030000	0.030000	0.015000	0.040000	0.040000	0.025000	0.025000
27.000000	0.125000	0.155000	0.095000	0.000000	0.110000	0.005000	0.010000	0.000000	0.160000	0.085000	0.110000	0.010000	0.100000	0.005000	0.030000	0.000000
28.000000	0.135000	0.050000	0.070000	0.045000	0.075000	0.050000	0.020000	0.010000	0.025000	0.170000	0.095000	0.110000	0.060000	0.065000	0.005000	0.015000
29.000000	0.135000	0.125000	0.090000	0.030000	0.030000	0.060000	0.000000	0.000000	0.035000	0.140000	0.075000	0.090000	0.070000	0.080000	0.015000	0.025000
30.000000	0.280000	0.040000	0.045000	0.100000	0.040000	0.005000	0.040000	0.005000	0.040000	0.045000	0.125000	0.090000	0.040000	0.000000	0.100000	0.005000
31.000000	0.295000	0.100000	0.035000	0.050000	0.010000	0.040000	0.030000	0.040000	0.065000	0.015000	0.030000	0.185000	0.025000	0.025000	0.025000	0.030000
32.000000	0.265000	0.125000	0.055000	0.025000	0.030000	0.055000	0.065000	0.020000	0.035000	0.010000	0.135000	0.065000	0.020000	0.035000	0.030000	0.030000
33.000000	0.195000	0.075000	0.095000	0.025000	0.085000	0.020000	0.055000	0.010000	0.080000	0.085000	0.075000	0.050000	0.060000	0.010000	0.075000	0.005000
34.000000	0.215000	0.120000	0.125000	0.005000	0.045000	0.025000	0.030000	0.015000	0.015000	0.130000	0.050000	0.105000	0.035000	0.030000	0.010000	0.045000
35.000000	0.310000	0.030000	0.075000	0.060000	0.045000	0.020000	0.015000	0.015000	0.100000	0.025000	0.035000	0.125000	0.045000	0.020000	0.060000	0.020000
36.000000	0.355000	0.075000	0.075000	0.000000	0.030000	0.035000	0.030000	0.005000	0.015000	0.040000	0.065000	0.000000	0.150000	0.035000	0.080000	0.010000
37.000000	0.290000	0.070000	0.020000	0.055000	0.040000	0.005000	0.050000	0.045000	0.035000	0.025000	0.050000	0.040000	0.070000	0.140000	0.035000	0.030000
38.000000	0.245000	0.165000	0.025000	0.045000	0.035000	0.055000	0.020000	0.025000	0.045000	0.015000	0.020000	0.050000	0.035000	0.145000	0.035000	0.040000
39.000000	0.365000	0.015000	0.020000	0.020000	0.070000	0.030000	0.045000	0.030000	0.030000	0.005000	0.030000	0.030000	0.025000	0.020000	0.230000	0.035000
40.000000	0.255000	0.085000	0.070000	0.005000	0.055000	0.015000	0.000000	0.040000	0.050000	0.045000	0.000000	0.070000	0.005000	0.065000	0.085000	0.155000
41.000000	0.235000	0.085000	0.060000	0.005000	0.015000	0.025000	0.020000	0.065000	0.030000	0.050000	0.035000	0.030000	0.030000	0.060000	0.100000	0.155000
42.000000	0.210000	0.010000	0.170000	0.005000	0.015000	0.020000	0.090000	0.025000	0.060000	0.020000	0.050000	0.025000	0.090000	0.040000	0.125000	0.045000
43.000000	0.175000	0.090000	0.160000	0.040000	0.015000	0.020000	0.055000	0.010000	0.025000	0.085000	0.005000	0.005000	0.050000	0.155000	0.070000	0.040000
44.000000	0.290000	0.045000	0.035000	0.050000	0.030000	0.015000	0.020000	0.035000	0.065000	0.015000	0.005000	0.050000	0.065000	0.130000	0.055000	0.095000
45.000000	0.160000	0.030000	0.065000	0.010000	0.155000	0.065000	0.015000	0.010000	0.085000	0.045000	0.115000	0.000000	0.125000	0.055000	0.065000	0.000000
46.000000	0.120000	0.130000	0.000000	0.020000	0.200000	0.025000	0.005000	0.035000	0.010000	0.140000	0.035000	0.050000	0.075000	0.090000	0.040000	0.025000
47.000000	0.145000	0.015000	0.030000	0.035000	0.090000	0.115000	0.025000	0.010000	0.085000	0.075000	0.085000	0.090000	0.005000	0.130000	0.020000	0.045000
48.000000	0.150000	0.025000	0.050000	0.055000	0.120000	0.025000	0.030000	0.050000	0.020000	0.050000	0.175000	0.035000	0.055000	0.020000	0.090000	0.050000
49.000000	0.155000	0.010000	0.035000	0.055000	0.145000	0.065000	0.030000	0.040000	0.010000	0.045000	0.055000	0.125000	0.035000	0.035000	0.055000	0.105000
50.000000	0.180000	0.075000	0.080000	0.000000	0.090000	0.095000	0.015000	0.045000	0.070000	0.010000	0.095000	0.035000	0.015000	0.080000	0.050000	0.065000
51.000000	0.155000	0.025000	0.020000	0.025000	0.070000	0.035000	0.145000	0.030000	0.135000	0.020000	0.080000	0.020000	0.015000	0.030000	0.160000	0.035000
52.000000	0.145000	0.105000	0.025000	0.020000	0.105000	0.005000	0.105000	0.015000	0.040000	0.180000	0.015000	0.080000	0.035000	0.055000	0.040000	0.030000
53.000000	0.190000	0.040000	0.030000	0.010000	0.065000	0.070000	0.030000	0.095000	0.155000	0.025000	0.020000	0.055000	0.005000	0.045000	0.015000	0.150000
54.000000	0.080000	0.150000	0.090000	0.000000	0.130000	0.005000	0.000000	0.005000	0.155000	0.115000	0.140000	0.020000	0.090000	0.010000	0.010000	0.000000
55.000000	0.130000	0.085000	0.045000	0.080000	0.035000	0.025000	0.010000	0.015000	0.200000	0.125000	0.055000	0.055000	0.060000	0.050000	0.000000	0.030000
56.000000	0.260000	0.035000	0.100000	0.040000	0.075000	0.020000	0.010000	0.000000	0.025000	0.180000	0.075000	0.065000	0.040000	0.060000	0.010000	0.005000
57.000000	0.150000	0.090000	0.085000	0.080000	0.060000	0.010000	0.065000	0.020000	0.115000	0.060000	0.060000	0.080000	0.040000	0.000000	0.070000	0.015000
58.000000	0.195000	0.025000	0.045000	0.090000	0.045000	0.025000	0.040000	0.040000	0.105000	0.045000	0.050000	0.190000	0.030000	0.025000	0.025000	0.025000
59.000000	0.215000	0.060000	0.115000	0.030000	0.035000	0.015000	0.070000	0.015000	0.025000	0.130000	0.055000	0.105000	0.030000	0.015000	0.055000	0.030000
60.000000	0.190000	0.100000	0.030000	0.080000	0.090000	0.000000	0.050000	0.000000	0.035000	0.055000	0.170000	0.070000	0.050000	0.005000	0.070000	0.005000
61.000000	0.155000	0.155000	0.030000	0.020000	0.045000	0.030000	0.030000	0.030000	0.030000	0.045000	0.160000	0.105000	0.050000	0.020000	0.035000	0.060000
62.000000	0.290000	0.075000	0.035000	0.040000	0.030000	0.035000	0.030000	0.015000	0.015000	0.075000	0.060000	0.135000	0.045000	0.030000	0.060000	0.030000
63.000000	0.180000	0.035000	0.075000	0.005000	0.075000	0.045000	0.085000	0.000000	0.130000	0.040000	0.055000	0.010000	0.155000	0.070000	0.035000	0.005000
64.000000	0.185000	0.090000	0.045000	0.025000	0.025000	0.070000	0.015000	0.065000	0.120000	0.020000	0.035000	0.050000	0.070000	0.065000	0.060000	0.060000
65.000000	0.175000	0.060000	0.030000	0.050000	0.075000	0.045000	0.025000	0.015000	0.065000	0.120000	0.030000	0.045000	0.025000	0.140000	0.025000	0.075000
66.000000	0.255000	0.005000	0.060000	0.005000	0.045000	0.020000	0.045000	0.035000	0.170000	0.020000	0.030000	0.045000	0.015000	0.020000	0.170000	0.060000
67.000000	0.280000	0.055000	0.055000	0.015000	0.030000	0.035000	0.000000	0.055000	0.050000	0.010000	0.065000	0.050000	0.025000	0.065000	0.040000	0.170000
68.000000	0.175000	0.095000	0.040000	0.000000	0.040000	0.005000	0.075000	0.020000	0.065000	0.090000	0.010000	0.050000	0.020000	0.085000	0.080000	0.150000
69.000000	0.180000	0.045000	0.045000	0.010000	0.110000	0.040000	0.030000	0.015000	0.055000	0.035000	0.145000	0.020000	0.050000	0.035000	0.170000	0.015000
70.000000	0.145000	0.085000	0.095000	0.015000	0.015000	0.085000	0.020000	0.015000	0.050000	0.010000	0.125000	0.020000	0.030000	0.115000	0.110000	0.065000
71.000000	0.225000	0.025000	0.100000	0.040000	0.110000	0.055000	0.010000	0.010000	0.045000	0.030000	0.045000	0.085000	0.040000	0.055000	0.035000	0.090000
72.000000	0.305000	0.065000	0.065000	0.010000	0.020000	0.045000	0.070000	0.005000	0.015000	0.040000	0.060000	0.005000	0.200000	0.055000	0.030000	0.010000
73.000000	0.125000	0.275000	0.015000	0.030000	0.045000	0.015000	0.010000	0.050000	0.080000	0.025000	0.010000	0.060000	0.160000	0.060000	0.015000	0.025000
74.000000	0.245000	0.045000	0.075000	0.060000	0.020000	0.040000	0.020000	0.055000	0.025000	0.010000	0.055000	0.025000	0.040000	0.245000	0.025000	0.015000
75.000000	0.220000	0.055000	0.120000	0.040000	0.040000	0.025000	0.010000	0.020000	0.015000	0.025000	0.050000	0.050000	0.150000	0.025000	0.115000	0.040000
76.000000	0.125000	0.035000	0.075000	0.075000	0.095000	0.000000	0.010000	0.020000	0.075000	0.010000	0.005000	0.065000	0.120000	0.085000	0.080000	0.125000
77.000000	0.095000	0.080000	0.130000	0.025000	0.030000	0.060000	0.025000	0.010000	0.025000	0.040000	0.060000	0.035000	0.050000	0.145000	0.025000	0.165000
78.000000	0.290000	0.035000	0.045000	0.010000	0.035000	0.020000	0.040000	0.040000	0.065000	0.020000	0.055000	0.045000	0.005000	0.035000	0.225000	0.035000
79.000000	0.190000	0.175000	0.025000	0.040000	0.050000	0.015000	0.045000	0.015000	0.030000	0.035000	0.030000	0.025000	0.080000	0.045000	0.130000	0.070000
80.000000	0.360000	0.045000	0.065000	0.010000	0.030000	0.015000	0.010000	0.055000	0.060000	0.010000	0.010000	0.010000	0.020000	0.060000	0.105000	0.135000
