0.000000	0.000000	0.000000	0.000000	0.000000	0.000000	0.000000	0.000000	1.000000
1.000000	0.000000	0.000000	0.000000	0.000000	0.000000	0.000000	0.482000	0.518000
2.000000	0.000000	0.000000	0.000000	0.000000	0.000000	0.000000	0.476000	0.524000
3.000000	0.000000	0.000000	0.000000	0.000000	0.000000	0.486000	0.000000	0.514000
4.000000	0.000000	0.000000	0.000000	0.000000	0.249000	0.250000	0.240000	0.261000
5.000000	0.000000	0.000000	0.000000	0.000000	0.249000	0.262000	0.257000	0.232000
6.000000	0.000000	0.000000	0.000000	0.000000	0.000000	0.486000	0.000000	0.514000
7.000000	0.000000	0.000000	0.000000	0.000000	0.253000	0.258000	0.252000	0.237000
8.000000	0.000000	0.000000	0.000000	0.000000	0.282000	0.229000	0.252000	0.237000
9.000000	0.000000	0.000000	0.000000	0.484000	0.000000	0.000000	0.000000	0.516000
10.000000	0.000000	0.000000	0.230000	0.265000	0.000000	0.000000	0.240000	0.265000
11.000000	0.000000	0.000000	0.248000	0.277000	0.000000	0.000000	0.250000	0.225000
12.000000	0.000000	0.254000	0.000000	0.230000	0.000000	0.268000	0.000000	0.248000
13.000000	0.130000	0.115000	0.119000	0.122000	0.129000	0.130000	0.142000	0.113000
14.000000	0.133000	0.139000	0.134000	0.113000	0.114000	0.123000	0.121000	0.123000
15.000000	0.000000	0.250000	0.000000	0.240000	0.000000	0.253000	0.000000	0.257000
16.000000	0.129000	0.132000	0.131000	0.113000	0.116000	0.130000	0.146000	0.103000
17.000000	0.115000	0.139000	0.108000	0.131000	0.128000	0.127000	0.108000	0.144000
18.000000	0.000000	0.000000	0.000000	0.486000	0.000000	0.000000	0.000000	0.514000
19.000000	0.000000	0.000000	0.234000	0.254000	0.000000	0.000000	0.264000	0.248000
20.000000	0.000000	0.000000	0.276000	0.257000	0.000000	0.000000	0.222000	0.245000
21.000000	0.000000	0.234000	0.000000	0.257000	0.000000	0.239000	0.000000	0.270000
22.000000	0.148000	0.114000	0.123000	0.133000	0.127000	0.114000	0.115000	0.126000
23.000000	0.142000	0.123000	0.123000	0.121000	0.128000	0.123000	0.123000	0.117000
24.000000	0.000000	0.260000	0.000000	0.242000	0.000000	0.256000	0.000000	0.242000
25.000000	0.134000	0.110000	0.136000	0.107000	0.126000	0.132000	0.124000	0.131000
26.000000	0.120000	0.139000	0.130000	0.120000	0.121000	0.128000	0.116000	0.126000
27.000000	0.000000	0.000000	0.000000	0.496000	0.000000	0.000000	0.000000	0.504000
28.000000	0.000000	0.000000	0.271000	0.246000	0.000000	0.000000	0.230000	0.253000
29.000000	0.000000	0.000000	0.235000	0.257000	0.000000	0.000000	0.270000	0.238000
30.000000	0.000000	0.228000	0.000000	0.235000	0.000000	0.263000	0.000000	0.274000
31.000000	0.103000	0.137000	0.110000	0.132000	0.138000	0.131000	0.121000	0.128000
32.000000	0.120000	0.129000	0.132000	0.113000	0.117000	0.122000	0.140000	0.127000
33.000000	0.000000	0.252000	0.000000	0.270000	0.000000	0.228000	0.000000	0.250000
34.000000	0.121000	0.109000	0.125000	0.127000	0.141000	0.117000	0.139000	0.121000
35.000000	0.118000	0.143000	0.116000	0.133000	0.125000	0.123000	0.134000	0.108000
36.000000	0.000000	0.000000	0.000000	0.491000	0.000000	0.000000	0.000000	0.509000
37.000000	0.000000	0.000000	0.223000	0.261000	0.000000	0.000000	0.254000	0.262000
38.000000	0.000000	0.000000	0.256000	0.252000	0.000000	0.000000	0.251000	0.241000
39.000000	0.000000	0.268000	0.000000	0.264000	0.000000	0.224000	0.000000	0.244000
40.000000	0.132000	0.132000	0.120000	0.114000	0.137000	0.122000	0.124000	0.119000
41.000000	0.130000	0.139000	0.124000	0.116000	0.134000	0.119000	0.116000	0.122000
42.000000	0.000000	0.232000	0.000000	0.262000	0.000000	0.245000	0.000000	0.261000
43.000000	0.119000	0.127000	0.142000	0.124000	0.131000	0.107000	0.128000	0.122000
44.000000	0.137000	0.128000	0.115000	0.122000	0.131000	0.125000	0.121000	0.121000
45.000000	0.000000	0.000000	0.000000	0.000000	0.000000	0.000000	0.000000	1.000000
46.000000	0.000000	0.000000	0.000000	0.000000	0.000000	0.000000	0.482000	0.518000
47.000000	0.000000	0.000000	0.000000	0.000000	0.000000	0.000000	0.510000	0.490000
48.000000	0.000000	0.000000	0.000000	0.000000	0.000000	0.481000	0.000000	0.519000
49.000000	0.000000	0.000000	0.000000	0.000000	0.270000	0.256000	0.263000	0.211000
50.000000	0.000000	0.000000	0.000000	0.000000	0.252000	0.248000	0.256000	0.244000
51.000000	0.000000	0.000000	0.000000	0.000000	0.000000	0.506000	0.000000	0.494000
52.000000	0.000000	0.000000	0.000000	0.000000	0.260000	0.247000	0.262000	0.231000
53.000000	0.000000	0.000000	0.000000	0.000000	0.254000	0.242000	0.256000	0.248000
54.000000	0.000000	0.000000	0.000000	0.490000	0.000000	0.000000	0.000000	0.510000
55.000000	0.000000	0.000000	0.238000	0.260000	0.000000	0.000000	0.248000	0.254000
56.000000	0.000000	0.000000	0.278000	0.241000	0.000000	0.000000	0.233000	0.248000
57.000000	0.000000	0.255000	0.000000	0.271000	0.000000	0.243000	0.000000	0.231000
58.000000	0.121000	0.132000	0.134000	0.122000	0.110000	0.112000	0.126000	0.143000
59.000000	0.131000	0.126000	0.133000	0.137000	0.116000	0.119000	0.103000	0.135000
60.000000	0.000000	0.241000	0.000000	0.248000	0.000000	0.266000	0.000000	0.245000
61.000000	0.142000	0.117000	0.121000	0.142000	0.108000	0.120000	0.128000	0.122000
62.000000	0.141000	0.112000	0.110000	0.139000	0.130000	0.121000	0.136000	0.111000
63.000000	0.000000	0.000000	0.000000	0.000000	0.000000	0.000000	0.000000	1.000000
64.000000	0.000000	0.000000	0.000000	0.000000	0.000000	0.000000	0.506000	0.494000
65.000000	0.000000	0.000000	0.000000	0.000000	0.000000	0.000000	0.502000	0.498000
66.000000	0.000000	0.000000	0.000000	0.000000	0.000000	0.507000	0.000000	0.493000
67.000000	0.000000	0.000000	0.000000	0.000000	0.260000	0.239000	0.259000	0.242000
68.000000	0.000000	0.000000	0.000000	0.000000	0.249000	0.230000	0.260000	0.261000
69.000000	0.000000	0.000000	0.000000	0.000000	0.000000	0.485000	0.000000	0.515000
70.000000	0.000000	0.000000	0.000000	0.000000	0.249000	0.269000	0.240000	0.242000
71.000000	0.000000	0.000000	0.000000	0.000000	0.262000	0.238000	0.230000	0.270000
72.000000	0.000000	0.000000	0.000000	0.488000	0.000000	0.000000	0.000000	0.512000
73.000000	0.000000	0.000000	0.216000	0.270000	0.000000	0.000000	0.276000	0.238000
74.000000	0.000000	0.000000	0.244000	0.267000	0.000000	0.000000	0.240000	0.249000
75.000000	0.000000	0.235000	0.000000	0.246000	0.000000	0.264000	0.000000	0.255000
76.000000	0.139000	0.123000	0.116000	0.115000	0.126000	0.117000	0.124000	0.140000
77.000000	0.119000	0.117000	0.136000	0.123000	0.135000	0.131000	0.129000	0.110000
78.000000	0.000000	0.224000	0.000000	0.253000	0.000000	0.267000	0.000000	0.256000
79.000000	0.128000	0.122000	0.114000	0.123000	0.150000	0.119000	0.133000	0.111000
80.000000	0.119000	0.105000	0.151000	0.131000	0.120000	0.144000	0.117000	0.113000
81.000000	0.000000	0.000000	0.000000	1.000000	0.000000	0.000000	0.000000	0.000000
82.000000	0.000000	0.000000	0.516000	0.484000	0.000000	0.000000	0.000000	0.000000
83.000000	0.000000	0.000000	0.511000	0.489000	0.000000	0.000000	0.000000	0.000000
84.000000	0.000000	0.479000	0.000000	0.521000	0.000000	0.000000	0.000000	0.000000
85.000000	0.257000	0.229000	0.267000	0.247000	0.000000	0.000000	0.000000	0.000000
86.000000	0.240000	0.258000	0.261000	0.241000	0.000000	0.000000	0.000000	0.000000
87.000000	0.000000	0.499000	0.000000	0.501000	0.000000	0.000000	0.000000	0.000000
88.000000	0.241000	0.254000	0.259000	0.246000	0.000000	0.000000	0.000000	0.000000
89.000000	0.247000	0.248000	0.231000	0.274000	0.000000	0.000000	0.000000	0.000000
90.000000	0.000000	0.000000	0.000000	0.506000	0.000000	0.000000	0.000000	0.494000
91.000000	0.000000	0.000000	0.234000	0.262000	0.000000	0.000000	0.241000	0.263000
92.000000	0.000000	0.000000	0.236000	0.247000	0.000000	0.000000	0.238000	0.279000
93.000000	0.000000	0.267000	0.000000	0.264000	0.000000	0.232000	0.000000	0.237000
94.000000	0.132000	0.119000	0.123000	0.138000	0.133000	0.129000	0.118000	0.108000
95.000000	0.127000	0.125000	0.101000	0.123000	0.137000	0.118000	0.114000	0.155000
96.000000	0.000000	0.244000	0.000000	0.250000	0.000000	0.250000	0.000000	0.256000
97.000000	0.136000	0.129000	0.124000	0.118000	0.127000	0.120000	0.131000	0.115000
98.000000	0.131000	0.115000	0.136000	0.115000	0.126000	0.112000	0.127000	0.138000
99.000000	0.000000	0.000000	0.000000	0.497000	0.000000	0.000000	0.000000	0.503000
100.000000	0.000000	0.000000	0.233000	0.259000	0.000000	0.000000	0.243000	0.265000
101.000000	0.000000	0.000000	0.249000	0.262000	0.000000	0.000000	0.242000	0.247000
102.000000	0.000000	0.274000	0.000000	0.230000	0.000000	0.242000	0.000000	0.254000
103.000000	0.125000	0.132000	0.126000	0.123000	0.101000	0.134000	0.135000	0.124000
104.000000	0.105000	0.137000	0.137000	0.133000	0.111000	0.139000	0.124000	0.114000
105.000000	0.000000	0.266000	0.000000	0.247000	0.000000	0.232000	0.000000	0.255000
106.000000	0.126000	0.120000	0.103000	0.136000	0.123000	0.133000	0.130000	0.129000
107.000000	0.105000	0.125000	0.116000	0.105000	0.158000	0.130000	0.143000	0.118000
108.000000	0.000000	0.000000	0.000000	0.000000	0.000000	0.487000	0.000000	0.513000
109.000000	0.000000	0.000000	0.000000	0.000000	0.248000	0.234000	0.251000	0.267000
110.000000	0.000000	0.000000	0.000000	0.000000	0.241000	0.273000	0.242000	0.244000
111.000000	0.000000	0.000000	0.000000	0.000000	0.000000	0.497000	0.000000	0.503000
112.000000	0.000000	0.000000	0.000000	0.000000	0.233000	0.262000	0.269000	0.236000
113.000000	0.000000	0.000000	0.000000	0.000000	0.260000	0.242000	0.262000	0.236000
114.000000	0.000000	0.000000	0.000000	0.000000	0.000000	0.000000	0.000000	1.000000
115.000000	0.000000	0.000000	0.000000	0.000000	0.000000	0.000000	0.490000	0.510000
116.000000	0.000000	0.000000	0.000000	0.000000	0.000000	0.000000	0.494000	0.506000
117.000000	0.000000	0.271000	0.000000	0.242000	0.000000	0.255000	0.000000	0.232000
118.000000	0.107000	0.121000	0.125000	0.134000	0.126000	0.149000	0.130000	0.108000
119.000000	0.131000	0.124000	0.136000	0.113000	0.115000	0.117000	0.135000	0.129000
120.000000	0.000000	0.258000	0.000000	0.243000	0.000000	0.241000	0.000000	0.258000
121.000000	0.133000	0.136000	0.125000	0.112000	0.127000	0.122000	0.124000	0.121000
122.000000	0.120000	0.118000	0.119000	0.126000	0.137000	0.125000	0.125000	0.130000
123.000000	0.000000	0.000000	0.000000	0.505000	0.000000	0.000000	0.000000	0.495000
124.000000	0.000000	0.000000	0.266000	0.256000	0.000000	0.000000	0.240000	0.238000
125.000000	0.000000	0.000000	0.264000	0.248000	0.000000	0.000000	0.229000	0.259000
126.000000	0.000000	0.267000	0.000000	0.243000	0.000000	0.243000	0.000000	0.247000
127.000000	0.099000	0.133000	0.136000	0.116000	0.122000	0.133000	0.145000	0.116000
128.000000	0.117000	0.129000	0.121000	0.131000	0.129000	0.123000	0.117000	0.133000
129.000000	0.000000	0.243000	0.000000	0.253000	0.000000	0.244000	0.000000	0.260000
130.000000	0.116000	0.123000	0.130000	0.135000	0.114000	0.129000	0.129000	0.124000
131.000000	0.147000	0.119000	0.119000	0.126000	0.110000	0.123000	0.125000	0.131000
132.000000	0.000000	0.000000	0.000000	0.513000	0.000000	0.000000	0.000000	0.487000
133.000000	0.000000	0.000000	0.252000	0.246000	0.000000	0.000000	0.266000	0.236000
134.000000	0.000000	0.000000	0.247000	0.256000	0.000000	0.000000	0.262000	0.235000
135.000000	0.000000	0.253000	0.000000	0.236000	0.000000	0.263000	0.000000	0.248000
136.000000	0.113000	0.138000	0.121000	0.111000	0.125000	0.127000	0.121000	0.144000
137.000000	0.127000	0.126000	0.132000	0.118000	0.118000	0.126000	0.138000	0.115000
138.000000	0.000000	0.253000	0.000000	0.243000	0.000000	0.264000	0.000000	0.240000
139.000000	0.119000	0.116000	0.148000	0.121000	0.117000	0.107000	0.119000	0.153000
140.000000	0.126000	0.115000	0.136000	0.135000	0.133000	0.116000	0.126000	0.113000
141.000000	0.000000	0.000000	0.000000	0.486000	0.000000	0.000000	0.000000	0.514000
142.000000	0.000000	0.000000	0.261000	0.263000	0.000000	0.000000	0.237000	0.239000
143.000000	0.000000	0.000000	0.245000	0.258000	0.000000	0.000000	0.255000	0.242000
144.000000	0.000000	0.260000	0.000000	0.229000	0.000000	0.261000	0.000000	0.250000
145.000000	0.147000	0.117000	0.121000	0.118000	0.128000	0.126000	0.127000	0.116000
146.000000	0.133000	0.125000	0.117000	0.129000	0.132000	0.124000	0.113000	0.127000
147.000000	0.000000	0.259000	0.000000	0.251000	0.000000	0.235000	0.000000	0.255000
148.000000	0.146000	0.118000	0.116000	0.116000	0.133000	0.119000	0.132000	0.120000
149.000000	0.116000	0.117000	0.143000	0.116000	0.140000	0.143000	0.119000	0.106000
150.000000	0.000000	0.000000	0.000000	0.502000	0.000000	0.000000	0.000000	0.498000
151.000000	0.000000	0.000000	0.245000	0.239000	0.000000	0.000000	0.260000	0.256000
152.000000	0.000000	0.000000	0.230000	0.251000	0.000000	0.000000	0.255000	0.264000
153.000000	0.000000	0.000000	0.000000	0.000000	0.000000	0.471000	0.000000	0.529000
154.000000	0.000000	0.000000	0.000000	0.000000	0.248000	0.258000	0.247000	0.247000
155.000000	0.000000	0.000000	0.000000	0.000000	0.273000	0.236000	0.229000	0.262000
156.000000	0.000000	0.000000	0.000000	0.000000	0.000000	0.507000	0.000000	0.493000
157.000000	0.000000	0.000000	0.000000	0.000000	0.236000	0.250000	0.260000	0.254000
158.000000	0.000000	0.000000	0.000000	0.000000	0.231000	0.255000	0.263000	0.251000
159.000000	0.000000	0.000000	0.000000	0.000000	0.000000	0.000000	0.000000	1.000000
160.000000	0.000000	0.000000	0.000000	0.000000	0.000000	0.000000	0.493000	0.507000
161.000000	0.000000	0.000000	0.000000	0.000000	0.000000	0.000000	0.481000	0.519000
162.000000	0.000000	0.248000	0.000000	0.242000	0.000000	0.255000	0.000000	0.255000
163.000000	0.129000	0.137000	0.141000	0.103000	0.139000	0.115000	0.116000	0.120000
164.000000	0.137000	0.122000	0.133000	0.131000	0.105000	0.131000	0.131000	0.110000
165.000000	0.000000	0.225000	0.000000	0.264000	0.000000	0.269000	0.000000	0.242000
166.000000	0.115000	0.130000	0.106000	0.136000	0.135000	0.114000	0.131000	0.133000
167.000000	0.112000	0.128000	0.125000	0.135000	0.117000	0.132000	0.128000	0.123000
168.000000	0.000000	0.000000	0.000000	0.507000	0.000000	0.000000	0.000000	0.493000
169.000000	0.000000	0.000000	0.227000	0.264000	0.000000	0.000000	0.260000	0.249000
170.000000	0.000000	0.000000	0.261000	0.233000	0.000000	0.000000	0.247000	0.259000
171.000000	0.000000	0.000000	0.000000	0.000000	0.000000	0.510000	0.000000	0.490000
172.000000	0.000000	0.000000	0.000000	0.000000	0.241000	0.242000	0.263000	0.254000
173.000000	0.000000	0.000000	0.000000	0.000000	0.231000	0.245000	0.282000	0.242000
174.000000	0.000000	0.000000	0.000000	0.000000	0.000000	0.495000	0.000000	0.505000
175.000000	0.000000	0.000000	0.000000	0.000000	0.246000	0.263000	0.241000	0.250000
176.000000	0.000000	0.000000	0.000000	0.000000	0.259000	0.244000	0.243000	0.254000
177.000000	0.000000	0.000000	0.000000	0.000000	0.000000	0.000000	0.000000	1.000000
178.000000	0.000000	0.000000	0.000000	0.000000	0.000000	0.000000	0.493000	0.507000
179.000000	0.000000	0.000000	0.000000	0.000000	0.000000	0.000000	0.502000	0.498000
180.000000	0.000000	0.225000	0.000000	0.266000	0.000000	0.243000	0.000000	0.266000
181.000000	0.125000	0.128000	0.118000	0.126000	0.108000	0.140000	0.124000	0.131000
182.000000	0.124000	0.120000	0.124000	0.131000	0.119000	0.134000	0.130000	0.118000
183.000000	0.000000	0.255000	0.000000	0.242000	0.000000	0.252000	0.000000	0.251000
184.000000	0.141000	0.133000	0.124000	0.130000	0.108000	0.135000	0.120000	0.109000
185.000000	0.111000	0.125000	0.117000	0.120000	0.145000	0.145000	0.115000	0.122000
186.000000	0.000000	0.000000	0.000000	0.470000	0.000000	0.000000	0.000000	0.530000
187.000000	0.000000	0.000000	0.253000	0.242000	0.000000	0.000000	0.254000	0.251000
188.000000	0.000000	0.000000	0.268000	0.217000	0.000000	0.000000	0.266000	0.249000
189.000000	0.000000	0.506000	0.000000	0.494000	0.000000	0.000000	0.000000	0.000000
190.000000	0.249000	0.259000	0.243000	0.249000	0.000000	0.000000	0.000000	0.000000
191.000000	0.231000	0.245000	0.268000	0.256000	0.000000	0.000000	0.000000	0.000000
192.000000	0.000000	0.503000	0.000000	0.497000	0.000000	0.000000	0.000000	0.000000
193.000000	0.236000	0.243000	0.266000	0.255000	0.000000	0.000000	0.000000	0.000000
194.000000	0.262000	0.244000	0.243000	0.251000	0.000000	0.000000	0.000000	0.000000
195.000000	0.000000	0.000000	0.000000	1.000000	0.000000	0.000000	0.000000	0.000000
196.000000	0.000000	0.000000	0.519000	0.481000	0.000000	0.000000	0.000000	0.000000
197.000000	0.000000	0.000000	0.500000	0.500000	0.000000	0.000000	0.000000	0.000000
198.000000	0.000000	0.262000	0.000000	0.247000	0.000000	0.238000	0.000000	0.253000
199.000000	0.126000	0.113000	0.120000	0.134000	0.120000	0.136000	0.142000	0.109000
200.000000	0.135000	0.129000	0.118000	0.130000	0.114000	0.131000	0.134000	0.109000
201.000000	0.000000	0.261000	0.000000	0.241000	0.000000	0.244000	0.000000	0.254000
202.000000	0.140000	0.108000	0.150000	0.092000	0.142000	0.112000	0.146000	0.110000
203.000000	0.107000	0.108000	0.119000	0.132000	0.147000	0.142000	0.124000	0.121000
204.000000	0.000000	0.000000	0.000000	0.467000	0.000000	0.000000	0.000000	0.533000
205.000000	0.000000	0.000000	0.228000	0.269000	0.000000	0.000000	0.235000	0.268000
206.000000	0.000000	0.000000	0.272000	0.239000	0.000000	0.000000	0.252000	0.237000
207.000000	0.000000	0.236000	0.000000	0.270000	0.000000	0.250000	0.000000	0.244000
208.000000	0.124000	0.128000	0.147000	0.135000	0.109000	0.115000	0.117000	0.125000
209.000000	0.112000	0.110000	0.134000	0.148000	0.113000	0.122000	0.128000	0.133000
210.000000	0.000000	0.258000	0.000000	0.251000	0.000000	0.239000	0.000000	0.252000
211.000000	0.128000	0.126000	0.116000	0.124000	0.124000	0.130000	0.117000	0.135000
212.000000	0.109000	0.110000	0.152000	0.128000	0.128000	0.121000	0.124000	0.128000
213.000000	0.000000	0.000000	0.000000	0.505000	0.000000	0.000000	0.000000	0.495000
214.000000	0.000000	0.000000	0.263000	0.249000	0.000000	0.000000	0.247000	0.241000
215.000000	0.000000	0.000000	0.238000	0.255000	0.000000	0.000000	0.247000	0.260000
216.000000	0.000000	0.000000	0.000000	0.000000	0.000000	0.487000	0.000000	0.513000
217.000000	0.000000	0.000000	0.000000	0.000000	0.251000	0.251000	0.249000	0.249000
218.000000	0.000000	0.000000	0.000000	0.000000	0.238000	0.264000	0.245000	0.253000
219.000000	0.000000	0.000000	0.000000	0.000000	0.000000	0.000000	0.000000	1.000000
220.000000	0.000000	0.000000	0.000000	0.000000	0.000000	0.000000	0.500000	0.500000
221.000000	0.000000	0.000000	0.000000	0.000000	0.000000	0.000000	0.490000	0.510000
222.000000	0.000000	0.000000	0.000000	0.000000	0.000000	0.482000	0.000000	0.518000
223.000000	0.000000	0.000000	0.000000	0.000000	0.215000	0.260000	0.267000	0.258000
224.000000	0.000000	0.000000	0.000000	0.000000	0.255000	0.243000	0.255000	0.247000
225.000000	0.000000	0.247000	0.000000	0.262000	0.000000	0.238000	0.000000	0.253000
226.000000	0.125000	0.120000	0.133000	0.117000	0.116000	0.126000	0.133000	0.130000
227.000000	0.125000	0.131000	0.125000	0.125000	0.111000	0.123000	0.130000	0.130000
228.000000	0.000000	0.000000	0.000000	0.468000	0.000000	0.000000	0.000000	0.532000
229.000000	0.000000	0.000000	0.241000	0.272000	0.000000	0.000000	0.237000	0.250000
230.000000	0.000000	0.000000	0.261000	0.231000	0.000000	0.000000	0.254000	0.254000
231.000000	0.000000	0.263000	0.000000	0.254000	0.000000	0.249000	0.000000	0.234000
232.000000	0.121000	0.116000	0.119000	0.119000	0.114000	0.131000	0.147000	0.133000
233.000000	0.130000	0.109000	0.122000	0.130000	0.133000	0.118000	0.128000	0.130000
234.000000	0.000000	0.268000	0.000000	0.221000	0.000000	0.244000	0.000000	0.267000
235.000000	0.130000	0.133000	0.118000	0.149000	0.127000	0.115000	0.115000	0.113000
236.000000	0.110000	0.135000	0.121000	0.121000	0.130000	0.127000	0.130000	0.126000
237.000000	0.000000	0.000000	0.000000	0.504000	0.000000	0.000000	0.000000	0.496000
238.000000	0.000000	0.000000	0.258000	0.253000	0.000000	0.000000	0.257000	0.232000
239.000000	0.000000	0.000000	0.267000	0.242000	0.000000	0.000000	0.261000	0.230000
240.000000	0.000000	0.239000	0.000000	0.228000	0.000000	0.267000	0.000000	0.266000
241.000000	0.108000	0.123000	0.149000	0.110000	0.126000	0.130000	0.127000	0.127000
242.000000	0.137000	0.110000	0.125000	0.124000	0.118000	0.136000	0.123000	0.127000
243.000000	0.000000	0.260000	0.000000	0.248000	0.000000	0.249000	0.000000	0.243000
244.000000	0.108000	0.140000	0.115000	0.132000	0.123000	0.135000	0.122000	0.125000
245.000000	0.123000	0.108000	0.123000	0.132000	0.114000	0.141000	0.135000	0.124000
246.000000	0.000000	0.000000	0.000000	0.461000	0.000000	0.000000	0.000000	0.539000
247.000000	0.000000	0.000000	0.254000	0.278000	0.000000	0.000000	0.233000	0.235000
248.000000	0.000000	0.000000	0.253000	0.281000	0.000000	0.000000	0.227000	0.239000
249.000000	0.000000	0.263000	0.000000	0.227000	0.000000	0.245000	0.000000	0.265000
250.000000	0.143000	0.116000	0.130000	0.128000	0.117000	0.129000	0.121000	0.116000
251.000000	0.125000	0.106000	0.126000	0.127000	0.136000	0.145000	0.095000	0.140000
252.000000	0.000000	0.255000	0.000000	0.241000	0.000000	0.250000	0.000000	0.254000
253.000000	0.121000	0.119000	0.131000	0.114000	0.133000	0.114000	0.132000	0.136000
254.000000	0.118000	0.129000	0.130000	0.116000	0.111000	0.139000	0.141000	0.116000
255.000000	0.000000	0.000000	0.000000	0.512000	0.000000	0.000000	0.000000	0.488000
256.000000	0.000000	0.000000	0.272000	0.252000	0.000000	0.000000	0.224000	0.252000
257.000000	0.000000	0.000000	0.254000	0.263000	0.000000	0.000000	0.262000	0.221000
258.000000	0.000000	0.224000	0.000000	0.271000	0.000000	0.258000	0.000000	0.247000
259.000000	0.128000	0.112000	0.129000	0.114000	0.139000	0.122000	0.130000	0.126000
260.000000	0.123000	0.123000	0.133000	0.126000	0.130000	0.109000	0.130000	0.126000
261.000000	0.000000	0.000000	0.000000	0.000000	0.000000	0.488000	0.000000	0.512000
262.000000	0.000000	0.000000	0.000000	0.000000	0.236000	0.247000	0.250000	0.267000
263.000000	0.000000	0.000000	0.000000	0.000000	0.245000	0.250000	0.280000	0.225000
264.000000	0.000000	0.000000	0.000000	0.000000	0.000000	0.000000	0.000000	1.000000
265.000000	0.000000	0.000000	0.000000	0.000000	0.000000	0.000000	0.521000	0.479000
266.000000	0.000000	0.000000	0.000000	0.000000	0.000000	0.000000	0.487000	0.513000
267.000000	0.000000	0.000000	0.000000	0.000000	0.000000	0.504000	0.000000	0.496000
268.000000	0.000000	0.000000	0.000000	0.000000	0.248000	0.247000	0.253000	0.252000
269.000000	0.000000	0.000000	0.000000	0.000000	0.228000	0.270000	0.230000	0.272000
270.000000	0.000000	0.243000	0.000000	0.279000	0.000000	0.260000	0.000000	0.218000
271.000000	0.128000	0.121000	0.144000	0.122000	0.129000	0.112000	0.116000	0.128000
272.000000	0.135000	0.128000	0.128000	0.130000	0.109000	0.124000	0.124000	0.122000
273.000000	0.000000	0.000000	0.000000	0.511000	0.000000	0.000000	0.000000	0.489000
274.000000	0.000000	0.000000	0.244000	0.254000	0.000000	0.000000	0.230000	0.272000
275.000000	0.000000	0.000000	0.256000	0.246000	0.000000	0.000000	0.254000	0.244000
276.000000	0.000000	0.255000	0.000000	0.252000	0.000000	0.242000	0.000000	0.251000
277.000000	0.104000	0.147000	0.129000	0.146000	0.128000	0.116000	0.108000	0.122000
278.000000	0.118000	0.134000	0.118000	0.124000	0.128000	0.137000	0.123000	0.118000
279.000000	0.000000	0.000000	0.000000	0.000000	0.000000	0.508000	0.000000	0.492000
280.000000	0.000000	0.000000	0.000000	0.000000	0.231000	0.265000	0.247000	0.257000
281.000000	0.000000	0.000000	0.000000	0.000000	0.261000	0.228000	0.258000	0.253000
282.000000	0.000000	0.000000	0.000000	0.000000	0.000000	0.000000	0.000000	1.000000
283.000000	0.000000	0.000000	0.000000	0.000000	0.000000	0.000000	0.501000	0.499000
284.000000	0.000000	0.000000	0.000000	0.000000	0.000000	0.000000	0.494000	0.506000
285.000000	0.000000	0.000000	0.000000	0.000000	0.000000	0.483000	0.000000	0.517000
286.000000	0.000000	0.000000	0.000000	0.000000	0.250000	0.241000	0.268000	0.241000
287.000000	0.000000	0.000000	0.000000	0.000000	0.246000	0.260000	0.241000	0.253000
288.000000	0.000000	0.266000	0.000000	0.265000	0.000000	0.254000	0.000000	0.215000
289.000000	0.131000	0.126000	0.119000	0.122000	0.138000	0.116000	0.122000	0.126000
290.000000	0.130000	0.128000	0.126000	0.139000	0.123000	0.112000	0.114000	0.128000
291.000000	0.000000	0.000000	0.000000	0.517000	0.000000	0.000000	0.000000	0.483000
292.000000	0.000000	0.000000	0.239000	0.250000	0.000000	0.000000	0.259000	0.252000
293.000000	0.000000	0.000000	0.247000	0.261000	0.000000	0.000000	0.233000	0.259000
294.000000	0.000000	0.230000	0.000000	0.246000	0.000000	0.242000	0.000000	0.282000
295.000000	0.118000	0.135000	0.127000	0.116000	0.122000	0.136000	0.115000	0.131000
296.000000	0.117000	0.134000	0.122000	0.134000	0.120000	0.113000	0.146000	0.114000
297.000000	0.000000	0.509000	0.000000	0.491000	0.000000	0.000000	0.000000	0.000000
298.000000	0.274000	0.261000	0.233000	0.232000	0.000000	0.000000	0.000000	0.000000
299.000000	0.249000	0.272000	0.231000	0.248000	0.000000	0.000000	0.000000	0.000000
300.000000	0.000000	0.000000	0.000000	1.000000	0.000000	0.000000	0.000000	0.000000
301.000000	0.000000	0.000000	0.470000	0.530000	0.000000	0.000000	0.000000	0.000000
302.000000	0.000000	0.000000	0.490000	0.510000	0.000000	0.000000	0.000000	0.000000
303.000000	0.000000	0.518000	0.000000	0.482000	0.000000	0.000000	0.000000	0.000000
304.000000	0.274000	0.238000	0.245000	0.243000	0.000000	0.000000	0.000000	0.000000
305.000000	0.226000	0.264000	0.242000	0.268000	0.000000	0.000000	0.000000	0.000000
306.000000	0.000000	0.267000	0.000000	0.255000	0.000000	0.245000	0.000000	0.233000
307.000000	0.106000	0.131000	0.126000	0.132000	0.112000	0.142000	0.122000	0.129000
308.000000	0.135000	0.126000	0.134000	0.124000	0.110000	0.117000	0.142000	0.112000
309.000000	0.000000	0.000000	0.000000	0.502000	0.000000	0.000000	0.000000	0.498000
310.000000	0.000000	0.000000	0.257000	0.264000	0.000000	0.000000	0.235000	0.244000
311.000000	0.000000	0.000000	0.248000	0.270000	0.000000	0.000000	0.229000	0.253000
312.000000	0.000000	0.227000	0.000000	0.270000	0.000000	0.255000	0.000000	0.248000
313.000000	0.131000	0.132000	0.140000	0.131000	0.103000	0.122000	0.123000	0.118000
314.000000	0.116000	0.132000	0.139000	0.134000	0.126000	0.115000	0.126000	0.112000
315.000000	0.000000	0.239000	0.000000	0.292000	0.000000	0.241000	0.000000	0.228000
316.000000	0.119000	0.104000	0.134000	0.125000	0.142000	0.117000	0.137000	0.122000
317.000000	0.120000	0.121000	0.130000	0.128000	0.125000	0.121000	0.126000	0.129000
318.000000	0.000000	0.000000	0.000000	0.492000	0.000000	0.000000	0.000000	0.508000
319.000000	0.000000	0.000000	0.237000	0.270000	0.000000	0.000000	0.268000	0.225000
320.000000	0.000000	0.000000	0.263000	0.250000	0.000000	0.000000	0.232000	0.255000
321.000000	0.000000	0.226000	0.000000	0.250000	0.000000	0.273000	0.000000	0.251000
322.000000	0.137000	0.137000	0.130000	0.122000	0.116000	0.133000	0.122000	0.103000
323.000000	0.142000	0.121000	0.129000	0.121000	0.122000	0.122000	0.125000	0.118000
324.000000	0.000000	0.000000	0.000000	0.000000	0.000000	1.000000	0.000000	0.000000
325.000000	0.000000	0.000000	0.000000	0.000000	0.519000	0.481000	0.000000	0.000000
326.000000	0.000000	0.000000	0.000000	0.000000	0.505000	0.495000	0.000000	0.000000
327.000000	0.000000	0.000000	0.000000	0.000000	0.000000	0.488000	0.000000	0.512000
328.000000	0.000000	0.000000	0.000000	0.000000	0.253000	0.242000	0.233000	0.272000
329.000000	0.000000	0.000000	0.000000	0.000000	0.236000	0.270000	0.240000	0.254000
330.000000	0.000000	0.000000	0.000000	0.000000	0.000000	0.502000	0.000000	0.498000
331.000000	0.000000	0.000000	0.000000	0.000000	0.264000	0.244000	0.253000	0.239000
332.000000	0.000000	0.000000	0.000000	0.000000	0.240000	0.253000	0.233000	0.274000
333.000000	0.000000	0.483000	0.000000	0.000000	0.000000	0.517000	0.000000	0.000000
334.000000	0.241000	0.241000	0.000000	0.000000	0.252000	0.266000	0.000000	0.000000
335.000000	0.244000	0.255000	0.000000	0.000000	0.240000	0.261000	0.000000	0.000000
336.000000	0.000000	0.261000	0.000000	0.260000	0.000000	0.224000	0.000000	0.255000
337.000000	0.116000	0.115000	0.142000	0.121000	0.104000	0.143000	0.130000	0.129000
338.000000	0.126000	0.123000	0.127000	0.115000	0.159000	0.112000	0.108000	0.130000
339.000000	0.000000	0.270000	0.000000	0.250000	0.000000	0.234000	0.000000	0.246000
340.000000	0.117000	0.119000	0.126000	0.140000	0.117000	0.122000	0.118000	0.141000
341.000000	0.103000	0.145000	0.122000	0.132000	0.144000	0.128000	0.105000	0.121000
342.000000	0.000000	0.500000	0.000000	0.000000	0.000000	0.500000	0.000000	0.000000
343.000000	0.256000	0.254000	0.000000	0.000000	0.244000	0.246000	0.000000	0.000000
344.000000	0.268000	0.246000	0.000000	0.000000	0.236000	0.250000	0.000000	0.000000
345.000000	0.000000	0.253000	0.000000	0.232000	0.000000	0.262000	0.000000	0.253000
346.000000	0.119000	0.123000	0.124000	0.127000	0.133000	0.119000	0.116000	0.139000
347.000000	0.113000	0.133000	0.118000	0.138000	0.113000	0.125000	0.135000	0.125000
348.000000	0.000000	0.223000	0.000000	0.284000	0.000000	0.241000	0.000000	0.252000
349.000000	0.127000	0.121000	0.133000	0.115000	0.123000	0.120000	0.132000	0.129000
350.000000	0.132000	0.134000	0.120000	0.100000	0.130000	0.130000	0.115000	0.139000
351.000000	0.000000	0.508000	0.000000	0.000000	0.000000	0.492000	0.000000	0.000000
352.000000	0.251000	0.262000	0.000000	0.000000	0.260000	0.227000	0.000000	0.000000
353.000000	0.240000	0.263000	0.000000	0.000000	0.239000	0.258000	0.000000	0.000000
354.000000	0.000000	0.233000	0.000000	0.255000	0.000000	0.242000	0.000000	0.270000
355.000000	0.144000	0.122000	0.134000	0.118000	0.115000	0.124000	0.126000	0.117000
356.000000	0.140000	0.117000	0.134000	0.122000	0.107000	0.134000	0.115000	0.131000
357.000000	0.000000	0.238000	0.000000	0.269000	0.000000	0.258000	0.000000	0.235000
358.000000	0.116000	0.123000	0.124000	0.128000	0.138000	0.117000	0.126000	0.128000
359.000000	0.116000	0.129000	0.121000	0.131000	0.143000	0.116000	0.134000	0.110000
360.000000	0.000000	0.486000	0.000000	0.000000	0.000000	0.514000	0.000000	0.000000
361.000000	0.264000	0.246000	0.000000	0.000000	0.238000	0.252000	0.000000	0.000000
362.000000	0.243000	0.245000	0.000000	0.000000	0.261000	0.251000	0.000000	0.000000
363.000000	0.000000	0.225000	0.000000	0.248000	0.000000	0.252000	0.000000	0.275000
364.000000	0.127000	0.133000	0.130000	0.121000	0.115000	0.130000	0.123000	0.121000
365.000000	0.127000	0.123000	0.121000	0.138000	0.110000	0.125000	0.131000	0.125000
366.000000	0.000000	0.234000	0.000000	0.251000	0.000000	0.261000	0.000000	0.254000
367.000000	0.123000	0.135000	0.140000	0.113000	0.119000	0.136000	0.110000	0.124000
368.000000	0.127000	0.105000	0.137000	0.131000	0.111000	0.117000	0.121000	0.151000
369.000000	0.000000	0.000000	0.000000	0.000000	0.000000	1.000000	0.000000	0.000000
370.000000	0.000000	0.000000	0.000000	0.000000	0.507000	0.493000	0.000000	0.000000
371.000000	0.000000	0.000000	0.000000	0.000000	0.471000	0.529000	0.000000	0.000000
372.000000	0.000000	0.000000	0.000000	0.000000	0.000000	0.515000	0.000000	0.485000
373.000000	0.000000	0.000000	0.000000	0.000000	0.275000	0.231000	0.232000	0.262000
374.000000	0.000000	0.000000	0.000000	0.000000	0.266000	0.263000	0.252000	0.219000
375.000000	0.000000	0.000000	0.000000	0.000000	0.000000	0.502000	0.000000	0.498000
376.000000	0.000000	0.000000	0.000000	0.000000	0.253000	0.238000	0.246000	0.263000
377.000000	0.000000	0.000000	0.000000	0.000000	0.245000	0.265000	0.224000	0.266000
378.000000	0.000000	0.517000	0.000000	0.000000	0.000000	0.483000	0.000000	0.000000
379.000000	0.213000	0.289000	0.000000	0.000000	0.239000	0.259000	0.000000	0.000000
380.000000	0.245000	0.242000	0.000000	0.000000	0.242000	0.271000	0.000000	0.000000
381.000000	0.000000	0.240000	0.000000	0.252000	0.000000	0.263000	0.000000	0.245000
382.000000	0.134000	0.121000	0.115000	0.136000	0.133000	0.132000	0.118000	0.111000
383.000000	0.103000	0.126000	0.114000	0.143000	0.121000	0.139000	0.126000	0.128000
384.000000	0.000000	0.257000	0.000000	0.247000	0.000000	0.243000	0.000000	0.253000
385.000000	0.121000	0.114000	0.127000	0.116000	0.126000	0.142000	0.142000	0.112000
386.000000	0.119000	0.138000	0.113000	0.127000	0.138000	0.122000	0.110000	0.133000
387.000000	0.000000	0.000000	0.000000	0.000000	0.000000	1.000000	0.000000	0.000000
388.000000	0.000000	0.000000	0.000000	0.000000	0.531000	0.469000	0.000000	0.000000
389.000000	0.000000	0.000000	0.000000	0.000000	0.517000	0.483000	0.000000	0.000000
390.000000	0.000000	0.000000	0.000000	0.000000	0.000000	0.540000	0.000000	0.460000
391.000000	0.000000	0.000000	0.000000	0.000000	0.252000	0.281000	0.221000	0.246000
392.000000	0.000000	0.000000	0.000000	0.000000	0.237000	0.265000	0.258000	0.240000
393.000000	0.000000	0.000000	0.000000	0.000000	0.000000	0.502000	0.000000	0.498000
394.000000	0.000000	0.000000	0.000000	0.000000	0.260000	0.228000	0.283000	0.229000
395.000000	0.000000	0.000000	0.000000	0.000000	0.243000	0.269000	0.250000	0.238000
396.000000	0.000000	0.490000	0.000000	0.000000	0.000000	0.510000	0.000000	0.000000
397.000000	0.257000	0.259000	0.000000	0.000000	0.257000	0.227000	0.000000	0.000000
398.000000	0.242000	0.244000	0.000000	0.000000	0.235000	0.279000	0.000000	0.000000
399.000000	0.000000	0.273000	0.000000	0.238000	0.000000	0.254000	0.000000	0.235000
400.000000	0.126000	0.112000	0.128000	0.129000	0.116000	0.129000	0.103000	0.157000
401.000000	0.133000	0.129000	0.114000	0.123000	0.115000	0.135000	0.122000	0.129000
402.000000	0.000000	0.265000	0.000000	0.245000	0.000000	0.255000	0.000000	0.235000
403.000000	0.123000	0.136000	0.116000	0.125000	0.117000	0.138000	0.122000	0.123000
404.000000	0.123000	0.147000	0.126000	0.121000	0.123000	0.111000	0.114000	0.135000
405.000000	0.000000	1.000000	0.000000	0.000000	0.000000	0.000000	0.000000	0.000000
406.000000	0.486000	0.514000	0.000000	0.000000	0.000000	0.000000	0.000000	0.000000
407.000000	0.502000	0.498000	0.000000	0.000000	0.000000	0.000000	0.000000	0.000000
408.000000	0.000000	0.511000	0.000000	0.489000	0.000000	0.000000	0.000000	0.000000
409.000000	0.237000	0.268000	0.250000	0.245000	0.000000	0.000000	0.000000	0.000000
410.000000	0.275000	0.267000	0.226000	0.232000	0.000000	0.000000	0.000000	0.000000
411.000000	0.000000	0.499000	0.000000	0.501000	0.000000	0.000000	0.000000	0.000000
412.000000	0.244000	0.255000	0.270000	0.231000	0.000000	0.000000	0.000000	0.000000
413.000000	0.223000	0.272000	0.258000	0.247000	0.000000	0.000000	0.000000	0.000000
414.000000	0.000000	0.497000	0.000000	0.000000	0.000000	0.503000	0.000000	0.000000
415.000000	0.265000	0.225000	0.000000	0.000000	0.264000	0.246000	0.000000	0.000000
416.000000	0.246000	0.253000	0.000000	0.000000	0.254000	0.247000	0.000000	0.000000
417.000000	0.000000	0.228000	0.000000	0.273000	0.000000	0.245000	0.000000	0.254000
418.000000	0.116000	0.119000	0.120000	0.129000	0.139000	0.130000	0.106000	0.141000
419.000000	0.127000	0.120000	0.130000	0.114000	0.119000	0.132000	0.136000	0.122000
420.000000	0.000000	0.254000	0.000000	0.247000	0.000000	0.257000	0.000000	0.242000
421.000000	0.130000	0.125000	0.116000	0.133000	0.120000	0.137000	0.120000	0.119000
422.000000	0.125000	0.127000	0.122000	0.132000	0.137000	0.110000	0.116000	0.131000
423.000000	0.000000	0.492000	0.000000	0.000000	0.000000	0.508000	0.000000	0.000000
424.000000	0.238000	0.243000	0.000000	0.000000	0.247000	0.272000	0.000000	0.000000
425.000000	0.229000	0.248000	0.000000	0.000000	0.249000	0.274000	0.000000	0.000000
426.000000	0.000000	0.266000	0.000000	0.222000	0.000000	0.247000	0.000000	0.265000
427.000000	0.133000	0.132000	0.110000	0.120000	0.136000	0.127000	0.130000	0.112000
428.000000	0.130000	0.131000	0.129000	0.110000	0.122000	0.133000	0.134000	0.111000
429.000000	0.000000	0.248000	0.000000	0.253000	0.000000	0.266000	0.000000	0.233000
430.000000	0.112000	0.123000	0.137000	0.128000	0.144000	0.111000	0.131000	0.114000
431.000000	0.126000	0.128000	0.118000	0.135000	0.125000	0.126000	0.123000	0.119000
432.000000	0.000000	0.000000	0.000000	0.000000	0.000000	0.000000	0.502000	0.498000
433.000000	0.000000	0.000000	0.000000	0.000000	0.000000	0.000000	0.487000	0.513000
434.000000	0.000000	0.000000	0.000000	0.000000	0.000000	0.000000	0.000000	1.000000
435.000000	0.000000	0.000000	0.000000	0.000000	0.241000	0.229000	0.266000	0.264000
436.000000	0.000000	0.000000	0.000000	0.000000	0.260000	0.222000	0.284000	0.234000
437.000000	0.000000	0.000000	0.000000	0.000000	0.000000	0.505000	0.000000	0.495000
438.000000	0.000000	0.000000	0.000000	0.000000	0.239000	0.243000	0.259000	0.259000
439.000000	0.000000	0.000000	0.000000	0.000000	0.246000	0.233000	0.266000	0.255000
440.000000	0.000000	0.000000	0.000000	0.000000	0.000000	0.501000	0.000000	0.499000
441.000000	0.000000	0.000000	0.261000	0.240000	0.000000	0.000000	0.268000	0.231000
442.000000	0.000000	0.000000	0.243000	0.242000	0.000000	0.000000	0.261000	0.254000
443.000000	0.000000	0.000000	0.000000	0.483000	0.000000	0.000000	0.000000	0.517000
444.000000	0.122000	0.138000	0.141000	0.118000	0.115000	0.137000	0.092000	0.137000
445.000000	0.120000	0.118000	0.124000	0.129000	0.124000	0.131000	0.125000	0.129000
446.000000	0.000000	0.245000	0.000000	0.263000	0.000000	0.250000	0.000000	0.242000
447.000000	0.125000	0.107000	0.118000	0.147000	0.127000	0.140000	0.117000	0.119000
448.000000	0.116000	0.109000	0.116000	0.117000	0.116000	0.154000	0.135000	0.137000
449.000000	0.000000	0.247000	0.000000	0.251000	0.000000	0.249000	0.000000	0.253000
450.000000	0.000000	0.000000	0.250000	0.250000	0.000000	0.000000	0.260000	0.240000
451.000000	0.000000	0.000000	0.220000	0.248000	0.000000	0.000000	0.257000	0.275000
452.000000	0.000000	0.000000	0.000000	0.489000	0.000000	0.000000	0.000000	0.511000
453.000000	0.139000	0.125000	0.114000	0.109000	0.137000	0.139000	0.107000	0.130000
454.000000	0.136000	0.128000	0.115000	0.128000	0.132000	0.124000	0.117000	0.120000
455.000000	0.000000	0.269000	0.000000	0.245000	0.000000	0.241000	0.000000	0.245000
456.000000	0.122000	0.127000	0.131000	0.120000	0.121000	0.143000	0.107000	0.129000
457.000000	0.117000	0.139000	0.116000	0.128000	0.109000	0.122000	0.129000	0.140000
458.000000	0.000000	0.235000	0.000000	0.238000	0.000000	0.258000	0.000000	0.269000
459.000000	0.000000	0.000000	0.268000	0.240000	0.000000	0.000000	0.239000	0.253000
460.000000	0.000000	0.000000	0.237000	0.285000	0.000000	0.000000	0.243000	0.235000
461.000000	0.000000	0.000000	0.000000	0.528000	0.000000	0.000000	0.000000	0.472000
462.000000	0.128000	0.127000	0.137000	0.111000	0.122000	0.125000	0.131000	0.119000
463.000000	0.141000	0.127000	0.126000	0.132000	0.116000	0.113000	0.120000	0.125000
464.000000	0.000000	0.253000	0.000000	0.242000	0.000000	0.263000	0.000000	0.242000
465.000000	0.113000	0.137000	0.124000	0.118000	0.120000	0.109000	0.148000	0.131000
466.000000	0.119000	0.123000	0.129000	0.144000	0.129000	0.129000	0.118000	0.109000
467.000000	0.000000	0.240000	0.000000	0.256000	0.000000	0.245000	0.000000	0.259000
468.000000	0.000000	0.000000	0.269000	0.238000	0.000000	0.000000	0.247000	0.246000
469.000000	0.000000	0.000000	0.251000	0.262000	0.000000	0.000000	0.242000	0.245000
470.000000	0.000000	0.000000	0.000000	0.487000	0.000000	0.000000	0.000000	0.513000
471.000000	0.123000	0.133000	0.113000	0.115000	0.117000	0.121000	0.146000	0.132000
472.000000	0.125000	0.118000	0.135000	0.118000	0.130000	0.135000	0.127000	0.112000
473.000000	0.000000	0.226000	0.000000	0.288000	0.000000	0.242000	0.000000	0.244000
474.000000	0.104000	0.105000	0.142000	0.124000	0.131000	0.144000	0.143000	0.107000
475.000000	0.137000	0.129000	0.121000	0.127000	0.129000	0.115000	0.117000	0.125000
476.000000	0.000000	0.271000	0.000000	0.237000	0.000000	0.258000	0.000000	0.234000
477.000000	0.000000	0.000000	0.000000	0.000000	0.000000	0.000000	0.513000	0.487000
478.000000	0.000000	0.000000	0.000000	0.000000	0.000000	0.000000	0.502000	0.498000
479.000000	0.000000	0.000000	0.000000	0.000000	0.000000	0.000000	0.000000	1.000000
480.000000	0.000000	0.000000	0.000000	0.000000	0.239000	0.252000	0.260000	0.249000
481.000000	0.000000	0.000000	0.000000	0.000000	0.259000	0.289000	0.232000	0.220000
482.000000	0.000000	0.000000	0.000000	0.000000	0.000000	0.487000	0.000000	0.513000
